# Data pro semestralni praci KIV/PT 2020/2021
# Vytvoreno systemem jandrlik & kmotycko, 01.01.2021.
#
# prazdne radky nebo radky zacinajici znakem # se ingoruji
# v opacnem pripade jsou na kazde radce ciselne hodnoty oddelene mezerou
# data jsou popsana vzdy nad prislusnym blokem dat, bloky jsou oddelene
# prazdnym radkem nasledujici radkem viditelne oznacenym vyrazem BLOK:

# BLOK: pocet tovaren D, pocet supermarketu S, pocet druhu zbozi Z, pocet dni T
5 5 10 20

# BLOK: Cena prevozu jednoho zbozi c_{s,d}
#
# c_{1,1} c_{2,1} ... c_{S,1}
# c_{1,2} c_{2,2} ... c_{S,2}
#    .      .    .      .
#    .      .    .      .
#    .      .    .      .
# c_{1,D} c_{2,D} ... c_{S,D}
3 10 1 1 3
7 1 4 6 2
3 1 2 12 11
2 4 2 4 2
6 5 2 1 1

# BLOK: Pocatecni skladove zasoby q_{z,s}
#
# q_{1,1} q_{1,2} ... q_{1,S}
# q_{2,1} q_{2,2} ... q_{2,S}
#    .      .    .      .
#    .      .    .      .
#    .      .    .      .
# q_{Z,1} q_{Z,2} ... q_{Z,S}
72 47 86 33 60
35 63 76 53 90
61 117 75 41 45
24 34 59 77 30
18 53 76 42 39
85 47 41 89 55
31 111 88 68 85
80 78 92 38 41
90 78 57 62 102
83 42 66 62 77

# BLOK: Produkce tovaren p_{d,z,t}
# p_{1,1,1} p_{2,1,1} .... p_{D,1,1}
# p_{1,1,2} p_{2,1,2} .... p_{D,1,2}
#      .         .    .         .
#      .         .     .        .
#      .         .      .       .
# p_{1,1,T} p_{2,1,T} .... p_{D,1,T}
# p_{1,2,1} p_{2,2,1} .... p_{D,2,1}
# p_{1,2,2} p_{2,2,2} .... p_{D,2,2}
#      .         .    .         .
#      .         .     .        .
#      .         .      .       .
#      .         .       .      .
# p_{1,Z,T} p_{2,Z,T} .... p_{D,Z,T}
6 28 36 24 9
16 20 20 26 8
30 18 29 11 17
17 9 19 24 44
12 23 21 23 12
17 7 26 19 23
13 18 17 30 32
39 28 27 30 28
22 18 9 28 27
38 35 12 27 22
22 26 17 13 25
6 11 32 15 36
22 29 23 6 33
22 19 30 25 7
36 3 13 51 17
42 16 22 17 14
11 8 20 24 26
28 20 17 21 42
19 11 21 20 16
20 12 30 24 12
7 15 30 13 18
31 23 6 7 22
21 26 12 15 25
15 15 35 28 27
36 13 27 21 26
16 29 30 6 4
15 3 35 31 24
30 13 3 26 5
26 20 3 14 31
36 44 4 20 17
27 38 21 12 1
20 41 27 30 24
17 9 34 26 20
26 4 32 23 6
19 22 22 28 22
9 40 6 21 32
15 7 15 16 18
22 30 7 12 22
23 25 25 28 19
11 30 9 40 24
32 12 32 39 19
27 22 4 16 20
34 19 23 25 30
37 15 35 22 19
47 28 32 23 35
9 30 28 25 10
12 19 22 37 28
26 12 12 14 14
20 31 9 14 21
27 2 14 1 18
23 16 3 11 9
24 14 21 2 18
18 9 6 7 6
8 23 38 17 13
5 13 22 15 22
14 32 20 24 14
14 20 19 20 11
7 11 35 17 2
18 31 24 13 36
25 2 28 27 16
28 21 19 43 30
27 15 37 11 21
18 20 10 29 20
15 18 23 4 8
21 15 33 19 29
16 21 31 28 29
28 14 25 20 17
28 28 16 35 14
18 18 24 19 12
25 21 16 9 15
30 13 17 9 18
19 27 3 16 22
14 30 18 21 26
13 19 31 7 9
13 15 34 23 8
27 47 21 13 23
27 12 13 39 22
16 9 46 30 37
9 15 18 14 15
16 27 19 3 11
13 31 43 12 33
29 36 12 5 17
28 16 21 16 18
27 4 25 27 9
9 33 13 6 21
24 15 22 17 23
13 18 13 28 39
37 20 26 6 7
22 25 8 24 29
16 14 18 10 18
13 13 17 25 21
11 17 34 11 13
23 5 21 2 34
17 14 22 5 28
4 19 5 18 35
18 17 18 17 23
24 28 23 24 12
23 22 23 12 3
20 11 3 42 36
11 20 23 3 11
24 14 28 2 24
21 2 24 21 8
26 45 19 20 8
16 23 34 10 34
20 12 9 26 2
14 8 10 33 25
6 20 11 27 31
8 35 25 22 1
17 26 18 16 13
21 3 22 29 27
20 8 20 12 9
15 16 12 24 15
32 15 19 16 18
15 38 6 17 42
42 19 24 31 37
31 27 21 25 32
24 7 15 23 12
35 9 35 30 16
20 37 1 33 21
27 8 11 12 34
5 25 20 27 3
7 9 6 30 23
20 16 34 38 36
36 32 20 27 7
24 15 19 31 26
32 27 18 25 17
17 23 22 13 35
24 40 23 30 16
15 14 17 29 30
17 22 12 20 22
22 40 36 24 12
23 17 28 20 21
28 24 24 27 14
5 14 36 35 26
18 26 19 23 30
15 17 12 12 26
15 13 20 36 22
20 39 13 17 15
25 31 3 20 15
14 40 11 22 17
11 25 15 10 25
31 26 24 19 23
7 22 13 24 30
25 22 5 18 25
14 14 14 11 28
10 23 24 24 16
23 17 37 26 13
25 14 11 9 19
6 31 8 10 13
34 17 3 7 13
14 22 14 20 0
15 30 27 5 37
20 26 30 5 22
26 17 12 17 24
27 24 16 30 30
32 19 31 24 23
28 21 14 41 13
26 24 13 17 29
20 17 5 21 27
25 35 18 22 14
24 12 36 28 26
31 0 17 15 34
26 0 20 6 24
28 23 3 42 22
28 2 25 10 19
24 5 29 6 30
17 19 7 31 19
37 17 41 19 19
15 22 28 27 20
15 11 29 9 22
40 15 35 22 27
11 28 11 25 10
6 9 2 15 30
36 24 36 8 18
10 17 15 24 23
28 19 26 3 20
0 12 38 30 32
22 22 23 32 26
9 33 18 14 6
15 13 27 27 4
30 34 19 11 26
13 13 22 21 9
25 18 16 27 18
7 6 27 31 24
32 13 35 12 12
21 15 13 13 25
12 20 17 20 20
41 7 22 22 26
32 29 13 8 36
8 10 10 19 18
26 25 29 7 17
32 18 20 20 16
35 29 23 8 11
20 5 32 25 29
31 16 6 8 26
27 8 13 25 12
15 24 27 17 2
15 29 8 24 12
20 27 22 16 14
12 5 2 29 26

# BLOK: Poptavka zbozi r_{s,z,t}
# r_{1,1,1} r_{2,1,1} .... r_{S,1,1}
# r_{1,1,2} r_{2,1,2} .... r_{S,1,2}
#      .         .    .         .
#      .         .     .        .
#      .         .      .       .
# r_{1,1,T} r_{2,1,T} .... r_{S,1,T}
# r_{1,2,1} r_{2,2,1} .... r_{S,2,1}
# r_{1,2,2} r_{2,2,2} .... r_{S,2,2}
#      .         .    .         .
#      .         .     .        .
#      .         .      .       .
#      .         .       .      .
# r_{1,Z,T} r_{2,Z,T} .... r_{S,Z,T}
31 10 20 29 16
31 0 29 26 23
15 23 29 24 18
7 15 27 22 33
23 17 22 42 18
14 27 19 11 16
21 24 39 12 22
27 5 15 4 15
4 10 30 25 16
25 21 7 2 4
3 30 45 14 21
37 19 13 4 4
31 8 2 22 14
7 12 29 17 26
20 19 32 21 23
27 16 12 13 20
22 30 28 26 25
26 23 24 32 20
45 17 16 15 17
0 10 22 12 14
41 35 15 13 20
33 40 32 35 17
15 6 28 6 24
25 35 6 29 18
36 28 21 30 23
30 18 4 17 27
12 26 42 20 19
39 1 39 26 23
19 20 27 12 28
13 22 18 30 27
6 3 21 24 20
9 19 18 36 12
31 20 10 17 26
33 21 9 36 7
27 20 14 20 26
1 18 29 19 32
5 32 32 13 6
22 14 32 21 17
3 6 26 23 28
25 40 16 22 23
5 6 21 11 4
17 17 3 24 21
30 15 21 7 20
3 26 33 38 33
21 6 17 26 22
33 38 6 14 36
2 3 30 18 14
31 30 15 7 29
11 6 29 26 12
11 21 32 22 18
26 27 43 6 4
24 41 26 18 13
7 25 25 8 7
22 5 24 6 8
8 30 28 20 22
6 12 11 42 7
16 22 31 6 0
21 36 34 25 27
16 29 38 8 28
12 11 6 21 13
31 24 28 21 23
16 20 26 18 15
18 17 16 25 26
21 25 19 14 32
22 3 15 16 11
22 16 17 36 39
19 32 11 7 1
22 14 23 18 21
24 18 12 21 13
35 10 9 13 44
19 38 18 12 13
10 30 10 14 19
9 21 11 18 19
18 2 38 24 20
22 21 10 3 35
14 17 20 3 15
10 30 15 24 27
28 21 5 25 16
3 13 18 24 8
32 24 6 17 12
24 31 15 35 5
25 35 21 28 27
27 9 20 23 42
16 18 32 7 15
15 33 15 30 17
14 27 24 18 21
29 36 21 12 12
21 14 35 15 38
11 14 20 27 27
6 7 39 13 17
18 34 37 8 17
39 7 18 19 12
10 11 10 20 21
7 18 27 12 28
21 15 27 24 24
2 11 29 11 13
22 33 14 11 20
15 10 1 12 15
39 18 30 18 29
16 14 11 15 33
25 40 12 14 23
25 8 18 21 37
32 13 33 24 24
10 12 14 9 11
8 16 25 16 8
16 23 14 21 23
14 17 28 18 36
29 31 39 5 8
9 4 21 28 26
22 34 1 18 14
32 3 31 19 3
7 24 18 19 5
9 24 22 23 33
25 0 20 0 14
11 7 16 27 15
20 27 15 32 46
36 32 24 9 21
26 13 23 11 10
31 5 2 22 9
24 19 37 20 36
20 32 22 16 20
5 27 22 29 12
13 25 9 32 19
23 21 15 21 22
19 17 10 45 5
31 28 14 37 11
22 9 34 4 38
28 36 26 26 12
28 10 26 19 33
3 16 26 34 21
20 6 36 6 30
23 24 3 24 28
30 22 19 33 20
15 29 19 48 18
15 18 2 16 9
29 35 21 7 2
20 11 10 13 18
27 19 12 1 21
26 3 9 22 16
22 8 15 32 29
26 5 27 3 38
12 16 30 14 13
32 18 5 11 27
45 20 25 29 5
20 24 14 22 36
13 22 22 13 26
37 34 20 18 30
27 13 37 17 27
26 19 21 4 33
6 22 26 21 23
35 11 24 13 11
12 24 34 29 26
30 21 26 15 14
29 15 34 27 23
11 15 25 10 18
23 29 3 25 11
3 32 19 25 22
22 16 23 9 9
39 11 24 8 19
33 12 27 21 27
9 28 13 15 15
13 3 13 21 4
38 27 18 23 9
38 23 20 25 13
20 26 36 35 1
33 21 22 18 15
17 20 25 4 27
18 29 8 17 10
29 11 22 21 18
14 29 10 16 9
29 22 30 7 41
27 1 21 32 7
18 9 14 24 29
14 40 11 27 32
20 29 23 19 30
8 31 13 12 17
35 14 11 19 23
5 18 8 27 30
13 3 6 28 21
27 32 10 13 29
24 31 14 11 35
26 27 2 33 13
21 30 9 23 30
26 5 29 22 25
18 11 29 18 37
19 38 17 19 32
12 15 31 19 5
17 16 22 32 22
14 5 17 20 22
16 21 24 22 24
7 33 11 6 11
32 14 15 21 20
24 35 9 23 22
23 30 30 15 5
39 16 28 38 13
17 8 2 17 20
14 23 16 8 32
25 22 13 19 11
45 16 10 25 26
31 22 25 21 10
